lat lon alt y
-21.77793110 -43.37202900 -4.83638157 -2.15303817
-21.77793100 -43.37202870 -3.98638204 -2.15391083
-21.77793100 -43.37202830 -4.09638271 -2.15443443
-21.77793100 -43.37202820 -3.84638288 -2.15443443
-21.77793060 -43.37202860 -3.91638204 -2.15617976
-21.77792970 -43.37202870 -4.29638151 -2.15408536
-21.77792930 -43.37202890 -4.09638101 -2.15600522
-21.77792930 -43.37202890 -4.28638101 -2.15600522
-21.77792920 -43.37202920 -4.25638047 -2.15565616
-21.77792910 -43.37202930 -4.40638026 -2.15530709
-21.77792900 -43.37202940 -3.85638005 -2.15513256
-21.77792900 -43.37202970 -3.84637955 -2.15548163
-21.77792900 -43.37202970 -4.48637955 -2.15600522
-21.77792900 -43.37202980 -4.39637938 -2.15687789
-21.77792880 -43.37203030 -4.28637846 -2.15565616
-21.77792880 -43.37203020 -4.17637863 -2.15548163
-21.77792870 -43.37203010 -3.82637875 -2.15565616
-21.77792860 -43.37203020 -4.19637854 -2.15583069
-21.77792860 -43.37203010 -4.51637871 -2.15425990
-21.77792860 -43.37203020 -4.51637854 -2.15391083
-21.77792860 -43.37203020 -4.04637854 -2.15408536
-21.77792850 -43.37203040 -4.30637817 -2.15373630
-21.77792860 -43.37203050 -4.14637804 -2.15321270
-21.77792880 -43.37203060 -4.15637795 -2.15408536
-21.77792880 -43.37203060 926.64362205 -2.15495803
-21.77792880 -43.37203070 926.65362222 -2.15513256
-21.77792870 -43.37203080 926.61362242 -2.15530709
-21.77792870 -43.37203080 926.60362242 -2.15530709
-21.77792870 -43.37203090 926.65362259 -2.15495803
-21.77792880 -43.37203090 926.70362255 -2.15408536
-21.77792890 -43.37203090 926.72362251 -2.15338723
-21.77792900 -43.37203100 926.71362264 -2.15321270
-21.77792910 -43.37203120 926.65362294 -2.15321270
-21.77792910 -43.37203130 926.60362310 -2.15303817
-21.77792900 -43.37203150 926.51362348 -2.15286363
-21.77792900 -43.37203170 926.46362382 -2.15216550
-21.77792900 -43.37203190 926.48362415 -2.15181643
-21.77792910 -43.37203220 926.50362462 -2.15164190
-21.77792910 -43.37203230 926.48362479 -2.15146737
-21.77792910 -43.37203230 926.47362479 -2.15129284
-21.77792910 -43.37203240 926.50362496 -2.15094377
-21.77792910 -43.37203240 926.55362496 -2.15042017
-21.77792910 -43.37203240 926.61362496 -2.15007111
-21.77792910 -43.37203250 926.68362512 -2.15024564
-21.77792910 -43.37203270 926.70362546 -2.15024564
-21.77792900 -43.37203280 926.72362567 -2.15076924
-21.77792900 -43.37203300 926.71362600 -2.15059470
-21.77792890 -43.37203310 926.68362621 -2.14989657
-21.77792890 -43.37203330 926.62362655 -2.14954751
-21.77792880 -43.37203340 926.55362676 -2.14937297
-21.77792860 -43.37203350 926.48362701 -2.14902391
-21.77792850 -43.37203360 926.45362722 -2.14850031
-21.77792840 -43.37203370 926.49362742 -2.14815124
-21.77792830 -43.37203380 926.53362763 -2.14745311
-21.77792810 -43.37203380 926.56362771 -2.14710405
-21.77792790 -43.37203370 926.55362763 -2.14658045
-21.77792760 -43.37203370 926.46362775 -2.14623138
-21.77792740 -43.37203360 926.39362766 -2.14588232
-21.77792730 -43.37203360 926.39362770 -2.14623138
-21.77792710 -43.37203350 926.39362761 -2.14640591
-21.77792700 -43.37203350 926.46362765 -2.14658045
-21.77792680 -43.37203350 926.52362773 -2.14658045
-21.77792660 -43.37203340 926.53362765 -2.14623138
-21.77792640 -43.37203340 926.48362773 -2.14588232
-21.77792630 -43.37203330 926.37362760 -2.14535872
-21.77792620 -43.37203330 926.34362764 -2.14518418
-21.77792610 -43.37203320 926.43362751 -2.14518418
-21.77792600 -43.37203310 926.52362738 -2.14535872
-21.77792580 -43.37203310 926.58362747 -2.14535872
-21.77792560 -43.37203300 926.61362738 -2.14535872
-21.77792550 -43.37203300 926.59362742 -2.14483512
-21.77792540 -43.37203300 926.57362746 -2.14431152
-21.77792530 -43.37203300 926.61362750 -2.14431152
-21.77792530 -43.37203300 926.65362750 -2.14431152
-21.77792530 -43.37203290 926.65362733 -2.14431152
-21.77792540 -43.37203290 926.64362729 -2.14343885
-21.77792540 -43.37203300 926.64362746 -2.14308979
-21.77792550 -43.37203310 926.66362759 -2.18550129
-21.77792660 -43.37203410 926.71362882 -2.18550129
-21.77792840 -43.37203560 926.74363062 -2.19230807
-21.77792990 -43.37203670 926.76363187 -2.19544967
-21.77793080 -43.37203710 926.73363218 -2.49494817
-21.77793140 -43.37203730 926.70363227 -2.84191962
-21.77793210 -43.37203780 926.70363283 3.06392550
-21.77793210 -43.37203950 926.71363569 3.02273573
-21.77793190 -43.37204200 926.72363998 3.01976867
-21.77793180 -43.37204390 926.70364321 3.01488175
-21.77793160 -43.37204600 926.69364683 3.01680161
-21.77793140 -43.37204790 926.68365011 3.00615510
-21.77793130 -43.37205000 926.69365368 3.01627801
-21.77793090 -43.37205170 926.70365670 3.02430653
-21.77793070 -43.37205370 926.70366015 3.01505628
-21.77793030 -43.37205560 926.69366351 3.00091912
-21.77793000 -43.37205790 926.68366750 3.00353711
-21.77792950 -43.37206010 926.69367140 3.00493337
-21.77792910 -43.37206120 926.69367341 -2.93250221
-21.77792880 -43.37206190 926.68367471 -2.55202043
-21.77792950 -43.37206370 926.68367746 -2.49512270
-21.77793050 -43.37206540 926.69367991 -2.50559467
-21.77793140 -43.37206720 926.70368258 -2.50873627
-21.77793240 -43.37206870 926.71368470 -2.51327412
-21.77793340 -43.37207040 926.70368715 -2.52322250
-21.77793420 -43.37207180 926.69368919 -2.51309959
-21.77793530 -43.37207330 926.68369127 -2.51676478
-21.77793620 -43.37207490 926.66369360 -2.51519399
-21.77793710 -43.37207660 926.67369609 -2.52584049
-21.77793790 -43.37207830 926.68369863 -2.52793489
-21.77793890 -43.37208000 926.72370109 -2.52985475
-21.77793990 -43.37208140 926.77370304 -2.52758582
-21.77794100 -43.37208310 926.80370545 -2.55516202
-21.77794180 -43.37208460 926.83370765 -2.55394029
-21.77794280 -43.37208640 926.84371028 -2.54346832
-21.77794360 -43.37208790 926.85371248 -2.54311925
-21.77794450 -43.37208950 926.87371481 -2.54905337
-21.77794550 -43.37209130 926.87371743 -2.55795455
-21.77794650 -43.37209310 926.86372006 -2.56860106
-21.77794740 -43.37209470 926.86372238 -2.55969988
-21.77794850 -43.37209640 926.87372480 -2.56860106
-21.77794950 -43.37209790 926.89372692 -2.56947372
-21.77794960 -43.37209890 926.88372856 -2.22459666
-21.77795020 -43.37210000 926.87373017 -2.18375596
-21.77795120 -43.37210150 926.87373229 -2.18410503
-21.77795240 -43.37210280 926.87373399 -2.19597326
-21.77795380 -43.37210410 926.85373561 -2.21517189
-21.77795510 -43.37210530 926.84373711 -2.21674268
-21.77795650 -43.37210660 926.83373873 -2.21848801
-21.77795800 -43.37210770 926.81373997 -2.21918614
-21.77795940 -43.37210900 926.79374160 -2.22861092
-21.77796070 -43.37211010 926.75374292 -2.22616746
-21.77796200 -43.37211140 926.74374458 -2.23192705
-21.77796340 -43.37211250 926.75374587 -2.24484248
-21.77796480 -43.37211390 926.74374766 -2.24711141
-21.77796540 -43.37211440 926.73374826 -1.93993346
-21.77796600 -43.37211470 926.73374852 -1.55351757
-21.77796750 -43.37211500 926.71374842 -1.53013016
-21.77796930 -43.37211520 926.71374803 -1.52122898
-21.77797120 -43.37211510 926.74374709 -1.53449348
-21.77797290 -43.37211510 926.74374640 -1.53693694
-21.77797450 -43.37211500 926.74374559 -1.54304559
-21.77797640 -43.37211500 926.73374482 -1.54740891
-21.77797820 -43.37211500 926.74374410 -1.56817833
-21.77798020 -43.37211500 926.75374329 -1.56905100
-21.77798200 -43.37211500 926.76374256 -1.57795218
-21.77798380 -43.37211500 926.73374183 -1.57707951
-21.77798520 -43.37211490 926.72374110 -1.58982042
-21.77798670 -43.37211490 926.71374049 -1.59139121
-21.77798840 -43.37211490 926.68373981 -1.59558000
-21.77799020 -43.37211490 926.68373908 -1.60657558
-21.77799200 -43.37211490 926.68373835 -1.61320783
-21.77799420 -43.37211490 926.68373746 -1.62402887
-21.77799610 -43.37211490 926.67373670 -1.63153378
-21.77799800 -43.37211510 926.66373627 -1.63764244
-21.77799980 -43.37211520 926.67373571 -1.63764244
-21.77800190 -43.37211530 926.70373503 -1.65596839
-21.77800350 -43.37211550 926.71373472 -1.66591677
-21.77800510 -43.37211570 926.73373441 -1.69017685
-21.77800670 -43.37211590 926.75373410 -1.68703525
-21.77800840 -43.37211620 926.75373391 -1.69995069
-21.77801010 -43.37211660 926.74373390 -1.69977616
-21.77801200 -43.37211690 926.75373364 -1.68528993
-21.77801350 -43.37211720 926.73373354 -1.69855443
-21.77801520 -43.37211750 926.72373335 -1.71757852
-21.77801670 -43.37211770 926.72373308 -1.72438530
-21.77801820 -43.37211790 926.74373281 -1.73450821
-21.77801960 -43.37211820 926.76373275 -1.73642807
-21.77802120 -43.37211860 926.76373278 -1.73590447
-21.77802270 -43.37211880 926.77373251 -1.74375846
-21.77802440 -43.37211910 926.76373233 -1.75457950
-21.77802590 -43.37211940 926.71373223 -1.76732040
-21.77802770 -43.37211980 926.71373217 -1.78547182
-21.77802920 -43.37212040 926.69373257 -1.78529729
-21.77803090 -43.37212090 926.67373273 -1.80083072
-21.77803240 -43.37212120 926.64373263 -1.80205245
-21.77803350 -43.37212150 926.65373269 -2.13436314
-21.77803400 -43.37212210 926.65373349 -2.48604699
-21.77803520 -43.37212340 926.64373520 -2.52130264
-21.77803660 -43.37212510 926.66373749 -2.51606665
-21.77803780 -43.37212680 926.65373987 -2.51833558
-21.77803900 -43.37212820 926.65374174 -2.51990637
-21.77804010 -43.37212960 926.64374365 -2.52392063
-21.77804130 -43.37213110 926.65374568 -2.52653863
-21.77804270 -43.37213280 926.66374798 -2.52706222
-21.77804400 -43.37213440 926.65375014 -2.53543980
-21.77804460 -43.37213500 926.66375091 -1.74532925
-21.77804660 -43.37213520 926.67375044 -1.74812178
-21.77804860 -43.37213550 926.66375013 -1.75737202
-21.77805010 -43.37213580 926.66375003 -1.75073977
-21.77805190 -43.37213590 926.68374947 -1.75789562
-21.77805380 -43.37213610 926.69374904 -1.75335777
-21.77805570 -43.37213630 926.68374861 -1.75405590
-21.77805750 -43.37213660 926.68374839 -1.75807016
-21.77805930 -43.37213690 926.69374817 -1.77063653
-21.77806090 -43.37213720 926.71374802 -1.76330614
-21.77806280 -43.37213730 926.72374742 -1.76958933
-21.77806440 -43.37213760 926.74374728 -1.77342905
-21.77806610 -43.37213790 926.76374710 -1.76051362
-21.77806770 -43.37213820 926.80374696 -1.76225895
-21.77806970 -43.37213850 926.85374665 -1.77185826
-21.77807160 -43.37213880 926.88374639 -1.78913702
-21.77807330 -43.37213900 926.89374604 -1.80379778
-21.77807470 -43.37213930 926.89374598 -1.80030712
-21.77807620 -43.37213950 926.89374571 -1.80955737
-21.77807780 -43.37213970 926.88374540 -1.81776042
-21.77807950 -43.37213990 926.85374505 -1.81828401
-21.77808100 -43.37214020 926.83374494 -1.83905343
-21.77808240 -43.37214040 926.81374471 -1.85423780
-21.77808400 -43.37214070 926.80374457 -1.84236956
