tx ty tz
0.0093756 0.0187504 0.00511956
0.0101419 0.0195668 -4.06668e-05
0.0130817 0.0203102 0.00141103
0.0115831 0.0139782 0.000186788
0.0118018 0.00842142 0.00329772
0.0166283 0.00355313 -0.0014104
0.0154628 0.00632886 0.00168812
0.00934556 0.00555824 0.00319777
0.0212089 0.00407439 0.000484391
0.0215959 0.00505517 0.00352198
0.0199595 0.00178889 0.00132639
0.0146201 0.00832127 0.00350422
0.0200214 0.00572876 0.00526708
0.0240987 0.00881161 -3.75833e-05
0.0273523 0.00306718 0.00516224
0.0236488 0.00898422 0.00277042
0.0240724 0.00859915 0.00589908
0.0215325 0.00125762 0.00134171
0.02698 0.00359947 0.00601155
0.0239708 0.00889587 0.00284156
0.0207352 0.000767514 0.00524855
0.0303856 0.00504321 0.0055399
0.0268387 0.0081415 0.00642234
0.0214421 0.00312864 0.00762017
0.0299398 0.00962842 0.00169458
0.0187597 0.00485617 0.00625014
0.0208862 0.000707158 0.00298513
0.0294343 0.010094 0.00607742
0.0251163 0.00752959 0.00658676
0.021278 0.00626893 0.00527799
0.0290006 0.00541665 0.00626597
0.0249842 0.00745892 0.00816496
0.0250943 0.0040126 0.00444832
0.0303127 0.0100671 0.00535167
0.0214939 0.00204367 0.00617048
0.028933 0.002094 0.00850853
0.0247745 0.00428624 0.00548353
0.0248428 0.00616517 0.00536743
0.02762 0.00936639 0.00791108
0.0203415 0.00828681 0.00746864
0.0288371 0.00328372 0.00837163
0.0317185 -0.00165497 0.00589464
0.0284934 0.0110241 0.00798181
0.0242752 0.00408891 0.0071415
0.0321904 0.011279 0.00803241
0.0219801 0.0049815 0.0055043
0.0358184 0.00103292 0.0053545
0.0271668 -0.000582121 0.00563859
0.0250761 -0.00348406 0.00743408
0.0327267 -0.00129254 0.0059323
0.0263885 0.00393192 0.00627557
0.0315597 0.00114653 0.00424017
0.0267818 -0.00231432 0.00771344
0.026925 0.00709903 0.00396061
0.0348621 0.00322367 0.00314496
0.0230971 -0.000774998 0.00542986
0.0261443 0.00678231 0.00584895
0.0303937 0.00289261 0.00676379
0.0269504 -0.00148408 0.00847177
0.0266255 0.00266599 0.00788317
0.0303296 -0.00134202 0.00261299
0.0286061 0.00306551 0.00782204
0.0275882 0.00319849 0.00537227
0.030247 0.00246938 0.00639175
0.0267637 0.00147926 0.0081821
0.0289844 -0.00610476 0.0055409
0.0281834 0.00198727 0.00651093
0.0223609 -0.00372489 0.00692827
0.0310365 -0.00263076 0.00703642
0.0280731 0.002478 0.0102671
0.0287472 0.000220691 0.00726834
0.0296722 -0.00191024 0.00568609
0.0317414 0.00365938 0.00631251
0.0287142 -0.000419029 0.00550049
0.0291671 0.00509052 0.00845784
0.0409424 -0.00639376 0.008445
0.0464769 0.001969 0.009757
0.0585613 -0.00359942 0.00600664
0.246729 -0.00827621 0.0125247
0.447735 -0.0109052 0.0181901
0.651986 -0.016074 0.0181312
0.758175 -0.0228168 0.0188292
0.8525 -0.062018 0.0307026
0.924186 -0.134056 0.0259989
1.00836 -0.305779 0.0171504
1.09928 -0.487519 0.0171786
1.18841 -0.663595 0.00712711
1.26891 -0.841009 -0.0100283
1.37417 -1.02275 -0.00637001
1.46352 -1.21015 -0.0214338
1.54073 -1.37638 -0.0224409
1.63215 -1.56289 -0.0332371
1.72123 -1.75095 -0.0320707
1.80453 -1.93911 -0.0383729
1.88853 -2.11439 -0.0352711
1.94193 -2.20139 -0.0627086
1.99409 -2.27044 -0.0621605
2.15978 -2.3183 -0.052972
2.36835 -2.38817 -0.0407659
2.54471 -2.46538 -0.0546308
2.73231 -2.54068 -0.0450367
2.91768 -2.6134 -0.0493272
3.09966 -2.70008 -0.0420967
3.27498 -2.77357 -0.0476437
3.47655 -2.84892 -0.0402899
3.65039 -2.92201 -0.0418199
3.83998 -3.00795 -0.0459246
4.03544 -3.07352 -0.0386883
4.21516 -3.16063 -0.047467
4.38602 -3.23788 -0.0406777
4.57625 -3.31965 -0.0450977
4.76358 -3.40905 -0.0449188
4.94264 -3.48456 -0.0375156
5.13226 -3.56203 -0.0423681
5.32519 -3.65402 -0.0377886
5.49436 -3.73421 -0.0457957
5.67866 -3.81502 -0.0539894
5.85326 -3.91264 -0.0499182
6.05556 -3.99229 -0.0499166
6.11755 -4.03278 -0.0563715
6.31967 -4.03857 -0.0525301
6.51035 -4.0574 -0.0490407
6.71297 -4.06092 -0.0404363
6.92274 -4.07821 -0.0400655
7.10958 -4.10479 -0.0330136
7.31938 -4.11793 -0.0321282
7.52409 -4.13217 -0.0222185
7.72967 -4.16274 -0.0305399
7.90897 -4.17131 -0.0318333
8.13117 -4.19279 -0.0282668
8.3274 -4.22179 -0.0176433
8.52092 -4.23733 -0.0192749
8.59554 -4.24325 -0.0122763
8.68512 -4.22114 -0.0200853
8.84376 -4.10581 -0.00220193
9.00527 -3.99536 0.00594181
9.15265 -3.86768 0.0188497
9.32913 -3.75816 0.0193708
9.49394 -3.64999 0.0268913
9.66344 -3.52801 0.036744
9.82649 -3.4163 0.0441006
9.9999 -3.30381 0.0420085
10.1846 -3.19967 0.0590647
10.3313 -3.07419 0.0565308
10.5013 -2.96925 0.0711357
10.6626 -2.8592 0.0891803
10.8456 -2.75104 0.0868665
11.0205 -2.64215 0.0936679
11.1792 -2.53225 0.107395
11.3536 -2.42749 0.110273
11.5145 -2.32648 0.119057
11.6994 -2.21707 0.128652
11.8641 -2.1022 0.145582
12.0458 -2.00869 0.136295
12.2223 -1.90147 0.135417
12.3747 -1.79262 0.159994
12.5782 -1.70221 0.157857
12.7418 -1.60511 0.157231
12.9205 -1.50051 0.161196
13.107 -1.41817 0.165234
13.2668 -1.32339 0.178103
13.4548 -1.20602 0.188558
13.6284 -1.11968 0.17788
13.7989 -1.03239 0.196686
13.9871 -0.951665 0.19684
14.166 -0.856843 0.203603
14.3374 -0.760943 0.208455
14.5284 -0.670328 0.203624
14.718 -0.5827 0.205404
14.893 -0.493833 0.218233
15.0667 -0.409065 0.217443
15.2596 -0.324546 0.22034
15.4314 -0.24197 0.22353
15.5659 -0.200922 0.22502
15.6738 -0.207307 0.219014
15.8622 -0.277813 0.238161
16.0481 -0.335024 0.231588
16.2488 -0.391797 0.222565
16.4345 -0.455808 0.229335
16.6272 -0.51145 0.231943
16.8262 -0.581385 0.239057
17.0072 -0.636755 0.242387
17.1991 -0.697751 0.247209
17.3616 -0.639469 0.243257
17.5446 -0.540098 0.255155
17.7323 -0.448048 0.254278
17.9115 -0.361167 0.245691
18.0906 -0.271123 0.24374
18.2643 -0.180376 0.245166
18.4484 -0.083469 0.2449
18.6347 0.0105934 0.250608
18.8167 0.0963249 0.253634
18.994 0.1879 0.263512
19.1849 0.263506 0.259588
19.3601 0.363435 0.277087
19.5428 0.443343 0.261796
19.7137 0.534279 0.26693
19.8993 0.627675 0.25758
20.083 0.716727 0.254639
20.2662 0.805116 0.264395
20.4533 0.891596 0.254334
20.6358 0.953028 0.274725
20.8253 1.0513 0.273775
21.0096 1.13374 0.264169
21.192 1.21102 0.262214
21.378 1.28511 0.268572
21.5671 1.3494 0.268917
